"paya1", "Airtel", "FTTH", "Jaishree", "www.excitel.com", "pwd555307", "TP-Link_B65C", "88Medha", "151*", "TanuAbhi136", "JioFiber-Dinesh_4G", "Sunny", "DoozyPixie", "MALHOTRA", "ladoobala", "Rahul Iyer _ 2g", "BatCave", "157medha", "Sagar 1", "airtel171", "pranav4g"

Mishty Room:

-63.00,-59.00,-75.00,-71.00,-75.00,0.00,0.00,0.00,0.00,0.00,0.00,0.00,0.00,0.00,0.00,0.00,0.00,0.00,0.00,0.00,0.00n
-57.00,-69.00,-79.00,-68.00,-82.00,0.00,0.00,0.00,0.00,0.00,-88.00,0.00,-92.00,0.00,-93.00,-93.00,0.00,0.00,0.00,0.00,0.00n
-65.00,-61.00,-73.00,-70.00,-77.00,-91.00,0.00,0.00,-95.00,0.00,0.00,0.00,0.00,-93.00,-93.00,-94.00,0.00,0.00,-91.00,0.00,0.00n
-60.00,-73.00,-77.00,-66.00,-82.00,-95.00,0.00,0.00,0.00,0.00,0.00,0.00,-91.00,-93.00,0.00,0.00,0.00,0.00,0.00,0.00,0.00n
-57.00,-60.00,-77.00,-70.00,-74.00,-91.00,0.00,0.00,-94.00,0.00,-87.00,0.00,0.00,-91.00,-94.00,-91.00,0.00,0.00,-92.00,0.00,0.00n
-59.00,-64.00,-79.00,-73.00,-77.00,-93.00,0.00,0.00,-93.00,0.00,0.00,0.00,0.00,-91.00,0.00,-93.00,0.00,0.00,-89.00,0.00,0.00n
-59.00,-67.00,-76.00,-68.00,-77.00,-93.00,-94.00,0.00,0.00,0.00,0.00,-92.00,-93.00,0.00,0.00,0.00,0.00,0.00,0.00,0.00,-93.00n
-59.00,-68.00,-78.00,-69.00,-77.00,-92.00,-93.00,0.00,0.00,0.00,0.00,0.00,-92.00,0.00,0.00,0.00,0.00,0.00,0.00,0.00,0.00n
-56.00,-66.00,-78.00,-68.00,-77.00,0.00,0.00,0.00,0.00,0.00,0.00,-92.00,0.00,0.00,0.00,0.00,0.00,0.00,0.00,0.00,0.00n
-57.00,-64.00,-80.00,-69.00,-82.00,0.00,0.00,0.00,0.00,0.00,0.00,0.00,0.00,0.00,0.00,0.00,0.00,0.00,0.00,0.00,0.00n
-59.00,-69.00,-80.00,-70.00,-87.00,0.00,0.00,0.00,0.00,0.00,-86.00,0.00,0.00,0.00,0.00,0.00,0.00,0.00,0.00,0.00,0.00n
-60.00,-63.00,-76.00,-65.00,-76.00,-89.00,-90.00,0.00,-92.00,0.00,0.00,0.00,-92.00,-95.00,-88.00,-91.00,0.00,0.00,-94.00,0.00,0.00n
-78.00,-59.00,-76.00,-72.00,-76.00,-94.00,-91.00,-92.00,-93.00,0.00,0.00,0.00,-92.00,-92.00,-91.00,-90.00,0.00,0.00,0.00,0.00,0.00n
-69.00,-61.00,-75.00,-75.00,-75.00,-93.00,-90.00,0.00,-93.00,0.00,0.00,0.00,-88.00,0.00,-92.00,-93.00,0.00,0.00,-90.00,0.00,0.00n
-60.00,-73.00,-79.00,-69.00,-76.00,-93.00,0.00,0.00,0.00,0.00,0.00,0.00,-90.00,-93.00,-93.00,-92.00,0.00,0.00,0.00,0.00,0.00n
-60.00,-70.00,-75.00,-69.00,-74.00,-92.00,0.00,0.00,0.00,0.00,-89.00,0.00,0.00,0.00,-91.00,0.00,0.00,0.00,0.00,0.00,0.00n
-60.00,-76.00,-74.00,-68.00,-77.00,-93.00,0.00,0.00,0.00,0.00,0.00,0.00,-89.00,0.00,-91.00,0.00,0.00,0.00,0.00,0.00,0.00n
-69.00,-59.00,-77.00,-74.00,-78.00,0.00,0.00,0.00,0.00,0.00,0.00,0.00,0.00,0.00,-93.00,0.00,0.00,0.00,-93.00,0.00,0.00n
-70.00,-55.00,-77.00,-77.00,-77.00,0.00,0.00,-96.00,0.00,0.00,0.00,0.00,0.00,0.00,-91.00,0.00,0.00,0.00,-96.00,0.00,0.00n
-67.00,-58.00,-78.00,-78.00,-77.00,0.00,0.00,0.00,0.00,0.00,0.00,0.00,0.00,0.00,-91.00,0.00,0.00,0.00,-90.00,0.00,0.00n

Bedroom:

-50.00,-85.00,-83.00,0.00,-66.00,0.00,-90.00,0.00,-90.00,0.00,-82.00,0.00,0.00,0.00,0.00,0.00,0.00,0.00,0.00,0.00,0.00n
-56.00,-70.00,-80.00,-81.00,-60.00,0.00,0.00,0.00,-91.00,0.00,-76.00,0.00,-90.00,-90.00,0.00,0.00,0.00,0.00,0.00,0.00,0.00n
-56.00,-75.00,-80.00,-85.00,-61.00,0.00,-89.00,-91.00,-94.00,0.00,-72.00,0.00,-92.00,0.00,0.00,-93.00,0.00,0.00,0.00,0.00,0.00n
-55.00,-82.00,-79.00,-82.00,-66.00,0.00,-90.00,0.00,-91.00,0.00,-73.00,0.00,-91.00,-89.00,0.00,-96.00,0.00,0.00,0.00,0.00,0.00n
-64.00,-83.00,-79.00,-77.00,-65.00,0.00,-91.00,-93.00,-92.00,0.00,-72.00,0.00,-90.00,-86.00,0.00,-95.00,0.00,0.00,0.00,0.00,0.00n
-53.00,-80.00,-94.00,-81.00,-59.00,0.00,0.00,-95.00,-92.00,0.00,-71.00,0.00,-90.00,-85.00,0.00,-91.00,0.00,0.00,0.00,0.00,0.00n
-51.00,0.00,-60.00,-83.00,-59.00,0.00,0.00,0.00,-91.00,0.00,-74.00,0.00,-92.00,0.00,0.00,-94.00,0.00,0.00,0.00,0.00,0.00n
-50.00,-78.00,-79.00,-80.00,-60.00,0.00,-87.00,-91.00,-91.00,0.00,-75.00,0.00,0.00,0.00,0.00,-92.00,0.00,0.00,0.00,0.00,0.00n
-51.00,-79.00,-61.00,-79.00,-59.00,0.00,-86.00,-93.00,-89.00,0.00,-74.00,0.00,0.00,-91.00,0.00,-93.00,0.00,0.00,0.00,0.00,0.00n
-48.00,-82.00,-80.00,-82.00,-64.00,0.00,0.00,0.00,-93.00,0.00,-73.00,0.00,-92.00,-90.00,0.00,-93.00,0.00,0.00,0.00,0.00,0.00n
-53.00,-79.00,-80.00,-81.00,-62.00,0.00,-91.00,-89.00,-94.00,0.00,-74.00,0.00,0.00,-91.00,0.00,-93.00,0.00,0.00,0.00,0.00,0.00n
-52.00,-85.00,-86.00,-83.00,-62.00,0.00,-87.00,0.00,-94.00,0.00,-78.00,0.00,-93.00,-92.00,0.00,0.00,0.00,0.00,0.00,0.00,0.00n
-47.00,-86.00,-82.00,-85.00,-60.00,0.00,0.00,0.00,-89.00,0.00,0.00,0.00,-91.00,-91.00,0.00,0.00,0.00,0.00,0.00,0.00,0.00n
-54.00,-76.00,-83.00,-91.00,-62.00,0.00,-91.00,-94.00,-92.00,0.00,-76.00,0.00,-92.00,-84.00,0.00,0.00,0.00,0.00,0.00,0.00,0.00n
-53.00,-81.00,-78.00,-83.00,-61.00,0.00,-87.00,-94.00,-87.00,0.00,-74.00,0.00,-90.00,-91.00,0.00,0.00,0.00,0.00,0.00,0.00,0.00n
-50.00,-85.00,-80.00,-84.00,-64.00,0.00,0.00,0.00,-88.00,0.00,-73.00,0.00,-92.00,-88.00,0.00,0.00,0.00,0.00,0.00,0.00,0.00n
-49.00,-82.00,-80.00,-86.00,-63.00,0.00,-87.00,-90.00,-91.00,0.00,-69.00,0.00,-94.00,0.00,0.00,0.00,0.00,0.00,0.00,0.00,0.00n
-49.00,-81.00,-81.00,-86.00,-62.00,0.00,-87.00,-94.00,-86.00,0.00,-75.00,0.00,-92.00,-94.00,0.00,0.00,0.00,0.00,0.00,0.00,0.00n
-50.00,-83.00,-82.00,-83.00,-59.00,0.00,-86.00,-92.00,-89.00,0.00,-72.00,0.00,-90.00,-84.00,0.00,0.00,0.00,0.00,0.00,0.00,0.00n
-49.00,-73.00,-81.00,-79.00,-63.00,0.00,-90.00,0.00,-86.00,0.00,-73.00,0.00,-91.00,-90.00,0.00,0.00,0.00,0.00,0.00,0.00,0.00n
-44.00,-84.00,-83.00,-86.00,-64.00,0.00,-89.00,-95.00,-91.00,0.00,-71.00,0.00,-90.00,-88.00,0.00,0.00,0.00,0.00,0.00,0.00,0.00n
-58.00,-75.00,-79.00,-90.00,-60.00,0.00,0.00,-90.00,-89.00,0.00,-74.00,0.00,0.00,-92.00,0.00,0.00,0.00,0.00,0.00,0.00,0.00n
-49.00,-81.00,-83.00,-80.00,-64.00,0.00,-91.00,-90.00,-89.00,0.00,-74.00,0.00,-91.00,-88.00,0.00,0.00,0.00,0.00,0.00,0.00,0.00n


Naina room:

-54.00,-83.00,-93.00,-80.00,-91.00,0.00,-78.00,-86.00,-91.00,0.00,-81.00,0.00,-82.00,-90.00,0.00,-93.00,0.00,-95.00,0.00,0.00,0.00n
-54.00,-82.00,-86.00,-91.00,-66.00,-88.00,-86.00,0.00,-94.00,0.00,-84.00,0.00,-80.00,-86.00,0.00,-86.00,0.00,0.00,0.00,0.00,0.00n
-57.00,0.00,-91.00,0.00,-61.00,-92.00,-81.00,-87.00,-86.00,0.00,-83.00,0.00,-79.00,-86.00,0.00,-90.00,0.00,0.00,0.00,0.00,0.00n
-56.00,-86.00,-84.00,-91.00,-61.00,-95.00,-81.00,-88.00,-87.00,0.00,-81.00,0.00,-79.00,-88.00,0.00,-91.00,0.00,0.00,0.00,0.00,0.00n
-53.00,-87.00,-90.00,-86.00,-60.00,-94.00,-83.00,0.00,-88.00,0.00,-82.00,0.00,-80.00,-86.00,0.00,-91.00,0.00,0.00,0.00,0.00,0.00n
-57.00,-85.00,-84.00,-83.00,-58.00,-92.00,-82.00,0.00,-88.00,0.00,-82.00,0.00,-81.00,-85.00,0.00,-94.00,0.00,0.00,0.00,0.00,0.00n
-56.00,-84.00,-88.00,-84.00,-60.00,0.00,-83.00,-89.00,-88.00,0.00,-78.00,0.00,-80.00,-83.00,0.00,-90.00,0.00,0.00,0.00,0.00,0.00n
-55.00,-83.00,-88.00,-85.00,-61.00,-93.00,0.00,0.00,-87.00,0.00,0.00,0.00,-81.00,-86.00,0.00,0.00,0.00,0.00,0.00,0.00,0.00n
-63.00,-89.00,-89.00,-85.00,-63.00,-93.00,-84.00,0.00,0.00,0.00,-87.00,0.00,-90.00,-89.00,0.00,-93.00,0.00,0.00,-96.00,0.00,0.00n
-59.00,-94.00,-90.00,-89.00,-68.00,-94.00,-85.00,0.00,0.00,0.00,-84.00,0.00,-90.00,0.00,0.00,0.00,0.00,0.00,0.00,0.00,0.00n
-63.00,-89.00,-92.00,-89.00,-68.00,0.00,-89.00,0.00,0.00,0.00,-85.00,0.00,-91.00,-95.00,0.00,-91.00,0.00,0.00,0.00,0.00,0.00n
-64.00,-90.00,-69.00,0.00,-66.00,0.00,-86.00,0.00,0.00,0.00,-85.00,0.00,-91.00,0.00,0.00,0.00,0.00,0.00,0.00,0.00,0.00n
-63.00,-88.00,-92.00,-90.00,-67.00,0.00,-88.00,0.00,0.00,0.00,-86.00,0.00,-92.00,-91.00,0.00,-91.00,0.00,0.00,0.00,0.00,0.00n
-63.00,-88.00,-90.00,-88.00,-66.00,0.00,-87.00,-91.00,0.00,0.00,-81.00,0.00,-91.00,-96.00,0.00,-93.00,0.00,0.00,0.00,0.00,0.00n
-62.00,-85.00,-92.00,0.00,-67.00,0.00,-87.00,0.00,0.00,0.00,-82.00,0.00,-91.00,-91.00,0.00,-92.00,0.00,0.00,0.00,0.00,0.00n
-63.00,-86.00,-90.00,-86.00,-69.00,0.00,-87.00,0.00,0.00,0.00,-82.00,0.00,-92.00,-88.00,0.00,-90.00,0.00,0.00,0.00,0.00,0.00n
-64.00,-83.00,-90.00,-89.00,-71.00,0.00,-87.00,0.00,0.00,0.00,-81.00,0.00,-92.00,0.00,0.00,0.00,0.00,0.00,0.00,0.00,0.00n
-63.00,-84.00,-89.00,-90.00,-71.00,-96.00,-84.00,0.00,0.00,0.00,0.00,0.00,0.00,0.00,0.00,-92.00,0.00,0.00,0.00,0.00,0.00n
-63.00,-86.00,-94.00,-90.00,-69.00,-93.00,-88.00,0.00,0.00,0.00,-81.00,0.00,0.00,-94.00,0.00,-92.00,0.00,0.00,0.00,0.00,0.00n
-63.00,-86.00,-87.00,-93.00,-68.00,0.00,-83.00,0.00,0.00,0.00,-87.00,0.00,-94.00,0.00,0.00,-92.00,0.00,0.00,0.00,0.00,0.00n


Hall:

-79.00,-62.00,-87.00,-77.00,-62.00,0.00,0.00,0.00,-85.00,-88.00,-84.00,0.00,0.00,-88.00,-90.00,0.00,0.00,0.00,0.00,0.00,-93.00n
-62.00,-66.00,-77.00,0.00,-68.00,0.00,0.00,-92.00,-83.00,-93.00,-79.00,0.00,-87.00,0.00,0.00,0.00,0.00,0.00,0.00,0.00,-87.00n
-67.00,-63.00,-78.00,0.00,-63.00,0.00,0.00,-92.00,-79.00,-88.00,-82.00,0.00,-87.00,0.00,0.00,0.00,0.00,0.00,0.00,0.00,-91.00n
-59.00,-62.00,-81.00,-73.00,-89.00,0.00,0.00,-94.00,-80.00,-94.00,-77.00,0.00,-88.00,-92.00,-92.00,-94.00,-94.00,0.00,0.00,0.00,-89.00n
-63.00,-65.00,-79.00,-78.00,-93.00,0.00,0.00,0.00,-87.00,0.00,-78.00,0.00,-91.00,-87.00,-91.00,0.00,-92.00,0.00,0.00,-95.00,-86.00n
-60.00,-69.00,-81.00,-79.00,-93.00,0.00,0.00,0.00,-82.00,0.00,-76.00,0.00,-91.00,-89.00,-88.00,0.00,-93.00,0.00,0.00,-93.00,0.00n
-56.00,-61.00,-81.00,-76.00,-91.00,0.00,0.00,0.00,-81.00,0.00,-81.00,0.00,0.00,-89.00,-89.00,-94.00,0.00,0.00,0.00,-96.00,-87.00n
-62.00,-65.00,-83.00,-70.00,-82.00,0.00,0.00,-93.00,-81.00,-85.00,-77.00,0.00,-89.00,0.00,-92.00,0.00,0.00,0.00,0.00,0.00,0.00n
-58.00,-62.00,-80.00,-69.00,-90.00,0.00,0.00,0.00,-80.00,-86.00,-76.00,0.00,-89.00,0.00,-91.00,0.00,0.00,0.00,0.00,0.00,-86.00n
-63.00,-65.00,-79.00,-69.00,-88.00,0.00,0.00,0.00,-79.00,-86.00,-77.00,0.00,0.00,-91.00,-90.00,-94.00,0.00,0.00,0.00,0.00,-89.00n
-64.00,-62.00,-90.00,-69.00,-92.00,0.00,0.00,0.00,-78.00,-89.00,-79.00,0.00,-90.00,-90.00,-90.00,0.00,0.00,0.00,0.00,0.00,-88.00n
-64.00,-61.00,-75.00,-70.00,-67.00,0.00,0.00,0.00,-81.00,-89.00,-82.00,0.00,-88.00,0.00,-92.00,-92.00,0.00,0.00,0.00,0.00,-87.00n
-61.00,-64.00,-87.00,-71.00,-89.00,0.00,0.00,-93.00,-79.00,-86.00,-80.00,0.00,-87.00,-89.00,-89.00,-94.00,0.00,0.00,0.00,-96.00,-92.00n
-64.00,-62.00,-74.00,-71.00,-89.00,0.00,0.00,0.00,-80.00,-87.00,0.00,0.00,-90.00,-89.00,-91.00,0.00,0.00,0.00,0.00,0.00,-91.00n
-63.00,-63.00,-75.00,-74.00,-66.00,0.00,0.00,0.00,-82.00,-86.00,-86.00,0.00,-89.00,-94.00,-91.00,0.00,0.00,0.00,0.00,-92.00,-92.00n
-63.00,-60.00,-77.00,-74.00,-66.00,0.00,0.00,0.00,-82.00,-89.00,0.00,0.00,-89.00,-92.00,-91.00,0.00,0.00,0.00,0.00,0.00,0.00n
-62.00,-63.00,-90.00,-73.00,-88.00,-93.00,0.00,0.00,-83.00,-85.00,-79.00,0.00,-89.00,0.00,-90.00,0.00,0.00,0.00,0.00,0.00,0.00n
-64.00,-61.00,-77.00,-81.00,-68.00,-92.00,0.00,0.00,-82.00,-89.00,-81.00,0.00,-87.00,-90.00,-92.00,-95.00,0.00,0.00,0.00,0.00,0.00n
-62.00,-60.00,-80.00,-77.00,-68.00,0.00,0.00,0.00,-80.00,-90.00,-79.00,0.00,-87.00,-88.00,-90.00,0.00,0.00,0.00,0.00,0.00,-88.00n
-63.00,-63.00,-80.00,-76.00,-93.00,-92.00,-89.00,0.00,-82.00,-88.00,-77.00,0.00,-87.00,-91.00,-91.00,0.00,0.00,0.00,0.00,0.00,0.00n


Living room:

-74.00,-72.00,-74.00,-76.00,-73.00,0.00,0.00,0.00,0.00,0.00,-87.00,0.00,0.00,0.00,0.00,0.00,0.00,0.00,0.00,0.00,0.00n
-68.00,-77.00,-75.00,-80.00,-94.00,0.00,0.00,0.00,-94.00,0.00,-83.00,-91.00,-93.00,0.00,0.00,-94.00,0.00,0.00,0.00,0.00,0.00n
-67.00,-74.00,-79.00,-81.00,-78.00,-91.00,0.00,0.00,-93.00,0.00,-89.00,-91.00,-91.00,0.00,0.00,-93.00,0.00,0.00,0.00,0.00,0.00n
-62.00,-76.00,-79.00,-71.00,-94.00,0.00,0.00,0.00,-89.00,-93.00,0.00,-90.00,-88.00,0.00,0.00,-93.00,0.00,0.00,0.00,0.00,0.00n
-63.00,-76.00,-76.00,-71.00,-90.00,0.00,0.00,0.00,-92.00,0.00,0.00,-95.00,-90.00,0.00,0.00,-94.00,0.00,0.00,0.00,0.00,0.00n
-61.00,-76.00,-76.00,-74.00,-92.00,0.00,0.00,0.00,0.00,0.00,0.00,0.00,-89.00,0.00,0.00,-92.00,0.00,0.00,0.00,0.00,0.00n
-68.00,-73.00,-78.00,-74.00,-79.00,-93.00,0.00,0.00,-95.00,0.00,-92.00,0.00,-91.00,0.00,0.00,0.00,0.00,0.00,0.00,0.00,0.00n
-72.00,-72.00,-79.00,-74.00,-76.00,0.00,0.00,0.00,0.00,0.00,-92.00,0.00,-91.00,0.00,0.00,0.00,0.00,0.00,0.00,0.00,0.00n
-68.00,-75.00,-79.00,-75.00,-92.00,0.00,0.00,0.00,-91.00,0.00,0.00,0.00,-92.00,0.00,0.00,0.00,0.00,0.00,0.00,0.00,0.00n
-65.00,-77.00,-79.00,-71.00,-76.00,-93.00,0.00,0.00,-93.00,0.00,0.00,0.00,-92.00,0.00,0.00,0.00,0.00,0.00,0.00,0.00,0.00n
-67.00,-79.00,-79.00,-75.00,-74.00,-93.00,0.00,0.00,0.00,0.00,0.00,0.00,-94.00,0.00,0.00,0.00,0.00,0.00,0.00,0.00,0.00n
-72.00,-76.00,-79.00,-72.00,-72.00,0.00,0.00,0.00,-91.00,0.00,0.00,-91.00,-90.00,0.00,0.00,0.00,0.00,0.00,0.00,0.00,0.00n
-69.00,-73.00,-78.00,-69.00,-72.00,0.00,0.00,0.00,-87.00,0.00,-87.00,-94.00,-94.00,0.00,0.00,0.00,0.00,0.00,0.00,0.00,0.00n
-71.00,-74.00,-79.00,-77.00,-72.00,0.00,0.00,0.00,0.00,0.00,-94.00,0.00,-90.00,0.00,0.00,0.00,0.00,0.00,0.00,0.00,0.00n
-74.00,-73.00,-79.00,-71.00,-73.00,0.00,0.00,0.00,0.00,0.00,0.00,0.00,-90.00,0.00,0.00,0.00,0.00,0.00,0.00,0.00,0.00n
-69.00,-76.00,-78.00,-75.00,-74.00,0.00,0.00,0.00,0.00,0.00,-92.00,-92.00,-89.00,0.00,0.00,0.00,0.00,0.00,0.00,0.00,0.00n
-63.00,-74.00,-77.00,-73.00,-73.00,0.00,0.00,0.00,-92.00,0.00,0.00,0.00,-90.00,0.00,0.00,0.00,0.00,0.00,0.00,0.00,-89.00n
-68.00,-71.00,-77.00,-72.00,-95.00,0.00,0.00,0.00,-94.00,-94.00,0.00,-91.00,-91.00,0.00,0.00,0.00,0.00,0.00,0.00,0.00,0.00n
-62.00,-70.00,-78.00,-76.00,-71.00,0.00,0.00,0.00,0.00,0.00,0.00,-91.00,-88.00,0.00,0.00,0.00,0.00,0.00,0.00,0.00,0.00n
-64.00,-71.00,-78.00,-69.00,-73.00,0.00,0.00,0.00,-93.00,-95.00,-90.00,-93.00,-90.00,0.00,0.00,0.00,0.00,0.00,0.00,0.00,0.00n

